4 : 0.588898 , 0.541688 , 0.553827
522 : 0.569209 , 0.572831 , 0.55873
523 : 0.553609 , 0.556479 , 0.564649
696 : 0.47779 , 0.555982 , 0.377954
697 : 0.50384 , 0.56172 , 0.376323
1576 : 0.470695 , 0.555771 , 0.562575
1634 : 0.454985 , 0.592772 , 0.367351
1636 : 0.470683 , 0.579347 , 0.372356
2300 : 0.597089 , 0.578959 , 0.548069
2778 : 0.553791 , 0.539665 , 0.562627
4315 : 0.454971 , 0.599972 , 0.365198
4316 : 0.467307 , 0.599344 , 0.366765
5386 : 0.592398 , 0.550223 , 0.380764
5387 : 0.578864 , 0.5591 , 0.378189
6271 : 0.566276 , 0.554738 , 0.380129
6272 : 0.555749 , 0.569149 , 0.374929
6343 : 0.458569 , 0.559579 , 0.378437
7642 : 0.487846 , 0.599731 , 0.367915
7764 : 0.593021 , 0.585271 , 0.366358
8212 : 0.490664 , 0.576804 , 0.563539
9300 : 0.562319 , 0.587002 , 0.366818
9602 : 0.505159 , 0.583792 , 0.371033
9707 : 0.593897 , 0.559658 , 0.554806
9910 : 0.573004 , 0.550205 , 0.563007
10203 : 0.579449 , 0.591886 , 0.363976
10443 : 0.598434 , 0.546347 , 0.380226
10667 : 0.551246 , 0.549213 , 0.381177
11276 : 0.581867 , 0.57572 , 0.370769
11419 : 0.471061 , 0.570491 , 0.5631
11734 : 0.593308 , 0.564129 , 0.375268
12929 : 0.488761 , 0.559776 , 0.563493
13030 : 0.60085 , 0.555125 , 0.377007
