17************
0 0 0.99958 0 0 0 0 0 0 0 0 0 0 0 0 0 0 
0 0 0.999627 0 0 0 0 0 0 0 0 0 0 0 0 0 0 
0 0 0.999566 0 0 0 0 0 0 0 0 0 0 0 0 0 0 
0 0 0.999678 0 0 0 0 0 0 0 0 0 0 0 0 0 0 
0 0 0.999721 0 0 0 0 0 0 0 0 0 0 0 0 0 0 
0 0 0.999685 0 0 0 0 0 0 0 0 0 0 0 0 0 0 
0 0 0.999454 0 0 0 0 0 0 0 0 0 0 0 0 0 0 
0 0 0.999483 0 0 0 0 0 0 0 0 0 0 0 0 0 0 
0 0 0.99938 0 0 0 0 0 0 0 0 0 0 0 0 0 0 
0 0 0.99943 0 0 0 0 0 0 0 0 0 0 0 0 0 0 
0 0 0.999461 0 0 0 0 0 0 0 0 0 0 0 0 0 0 
0 0 0.999535 0 0 0 0 0 0 0 0 0 0 0 0 0 0 
0 0 0.999822 0 0 0 0 0 0 0 0 0 0 0 0 0 0 
0 0 0.999825 0 0 0 0 0 0 0 0 0 0 0 0 0 0 
0 0 0.999852 0 0 0 0 0 0 0 0 0 0 0 0 0 0 
0 0 0.999787 0 0 0 0 0 0 0 0 0 0 0 0 0 0 
0 0 0.999781 0 0 0 0 0 0 0 0 0 0 0 0 0 0 
0 0 0.99982 0 0 0 0 0 0 0 0 0 0 0 0 0 0 
0 0 0.999391 0 0 0 0 0 0 0 0 0 0 0 0 0 0 
0 0 0.999414 0 0 0 0 0 0 0 0 0 0 0 0 0 0 
0 0 0.999527 0 0 0 0 0 0 0 0 0 0 0 0 0 0 
0 0 0.999565 0 0 0 0 0 0 0 0 0 0 0 0 0 0 
0 0 0.999616 0 0 0 0 0 0 0 0 0 0 0 0 0 0 
0 0 0.999594 0 0 0 0 0 0 0 0 0 0 0 0 0 0 
0 0 0.999526 0 0 0 0 0 0 0 0 0 0 0 0 0 0 
0 0 0.999619 0 0 0 0 0 0 0 0 0 0 0 0 0 0 
0 0 0.999535 0 0 0 0 0 0 0 0 0 0 0 0 0 0 
0 0 0.999306 0 0 0 0 0 0 0 0 0 0 0 0 0 0 
0 0 0.99935 0 0 0 0 0 0 0 0 0 0 0 0 0 0 
0 0 0.999388 0 0 0 0 0 0 0 0 0 0 0 0 0 0 
0 0 0.999527 0 0 0 0 0 0 0 0 0 0 0 0 0 0 
0 0 0.999506 0 0 0 0 0 0 0 0 0 0 0 0 0 0 
0 0 0.999617 0 0 0 0 0 0 0 0 0 0 0 0 0 0 
0 0 0.999806 0 0 0 0 0 0 0 0 0 0 0 0 0 0 
0 0 0.999825 0 0 0 0 0 0 0 0 0 0 0 0 0 0 
0 0 0.99979 0 0 0 0 0 0 0 0 0 0 0 0 0 0 
0 0 0.999616 0 0 0 0 0 0 0 0 0 0 0 0 0 0 
0 0 0.99962 0 0 0 0 0 0 0 0 0 0 0 0 0 0 
0 0 0.999787 0 0 0 0 0 0 0 0 0 0 0 0 0 0 
0 0 0.999791 0 0 0 0 0 0 0 0 0 0 0 0 0 0 
0 0 0.999182 0 0 0 0 0 0 0 0 0 0 0 0 0 0 
0 0 0.999357 0 0 0 0 0 0 0 0 0 0 0 0 0 0 
0 0 0.999821 0 0 0 0 0 0 0 0 0 0 0 0 0 0 
0 0 0.99973 0 0 0 0 0 0 0 0 0 0 0 0 0 0 
0 0 0.999747 0 0 0 0 0 0 0 0 0 0 0 0 0 0 
0 0 0.99977 0 0 0 0 0 0 0 0 0 0 0 0 0 0 
0 0 0.999431 0 0 0 0 0 0 0 0 0 0 0 0 0 0 
0 0 0.999423 0 0 0 0 0 0 0 0 0 0 0 0 0 0 
0 0 0.999495 0 0 0 0 0 0 0 0 0 0 0 0 0 0 
0 0 0.999838 0 0 0 0 0 0 0 0 0 0 0 0 0 0 
0 0 0.999849 0 0 0 0 0 0 0 0 0 0 0 0 0 0 
0 0 0.999863 0 0 0 0 0 0 0 0 0 0 0 0 0 0 
0 0 0.99947 0 0 0 0 0 0 0 0 0 0 0 0 0 0 
0 0 0.999505 0 0 0 0 0 0 0 0 0 0 0 0 0 0 
0 0 0.999518 0 0 0 0 0 0 0 0 0 0 0 0 0 0 
0 0 0.999806 0 0 0 0 0 0 0 0 0 0 0 0 0 0 
0 0 0.999861 0 0 0 0 0 0 0 0 0 0 0 0 0 0 
0 0 0.999868 0 0 0 0 0 0 0 0 0 0 0 0 0 0 
0 0 0.999866 0 0 0 0 0 0 0 0 0 0 0 0 0 0 
0 0 0.999665 0 0 0 0 0 0 0 0 0 0 0 0 0 0 
0 0 0.999589 0 0 0 0 0 0 0 0 0 0 0 0 0 0 
0 0 0.999521 0 0 0 0 0 0 0 0 0 0 0 0 0 0 
0 0 0.999582 0 0 0 0 0 0 0 0 0 0 0 0 0 0 
0 0 0.999573 0 0 0 0 0 0 0 0 0 0 0 0 0 0 
0 0 0.999719 0 0 0 0 0 0 0 0 0 0 0 0 0 0 
0 0 0.999716 0 0 0 0 0 0 0 0 0 0 0 0 0 0 
0 0 0.999154 0 0 0 0 0 0 0 0 0 0 0 0 0 0 
0 0 0.999269 0 0 0 0 0 0 0 0 0 0 0 0 0 0 
0 0 0.999257 0 0 0 0 0 0 0 0 0 0 0 0 0 0 
0 0 0.999656 0 0 0 0 0 0 0 0 0 0 0 0 0 0 
0 0 0.99966 0 0 0 0 0 0 0 0 0 0 0 0 0 0 
0 0 0.999613 0 0 0 0 0 0 0 0 0 0 0 0 0 0 
0 0 0.999742 0 0 0 0 0 0 0 0 0 0 0 0 0 0 
0 0 0.999759 0 0 0 0 0 0 0 0 0 0 0 0 0 0 
0 0 0.99971 0 0 0 0 0 0 0 0 0 0 0 0 0 0 
0 0 0.999569 0 0 0 0 0 0 0 0 0 0 0 0 0 0 
0 0 0.999575 0 0 0 0 0 0 0 0 0 0 0 0 0 0 
0 0 0.999494 0 0 0 0 0 0 0 0 0 0 0 0 0 0 
0 0 0.999659 0 0 0 0 0 0 0 0 0 0 0 0 0 0 
0 0 0.999624 0 0 0 0 0 0 0 0 0 0 0 0 0 0 
0 0 0.999667 0 0 0 0 0 0 0 0 0 0 0 0 0 0 
0 0 0.999526 0 0 0 0 0 0 0 0 0 0 0 0 0 0 
0 0 0.999542 0 0 0 0 0 0 0 0 0 0 0 0 0 0 
0 0 0.999492 0 0 0 0 0 0 0 0 0 0 0 0 0 0 
0 0 0.999604 0 0 0 0 0 0 0 0 0 0 0 0 0 0 
0 0 0.999565 0 0 0 0 0 0 0 0 0 0 0 0 0 0 
0 0 0.999613 0 0 0 0 0 0 0 0 0 0 0 0 0 0 
0 0 0.999712 0 0 0 0 0 0 0 0 0 0 0 0 0 0 
0 0 0.999747 0 0 0 0 0 0 0 0 0 0 0 0 0 0 
0 0 0.999754 0 0 0 0 0 0 0 0 0 0 0 0 0 0 
0 0 0.999657 0 0 0 0 0 0 0 0 0 0 0 0 0 0 
0 0 0.999703 0 0 0 0 0 0 0 0 0 0 0 0 0 0 
0 0 0.999678 0 0 0 0 0 0 0 0 0 0 0 0 0 0 
0 0 0.999693 0 0 0 0 0 0 0 0 0 0 0 0 0 0 
0 0 0.999669 0 0 0 0 0 0 0 0 0 0 0 0 0 0 
0 0 0.999641 0 0 0 0 0 0 0 0 0 0 0 0 0 0 
0 0 0.999422 0 0 0 0 0 0 0 0 0 0 0 0 0 0 
0 0 0.99931 0 0 0 0 0 0 0 0 0 0 0 0 0 0 
0 0 0.999468 0 0 0 0 0 0 0 0 0 0 0 0 0 0 
0 0 0.999465 0 0 0 0 0 0 0 0 0 0 0 0 0 0 
0 0 0.999342 0 0 0 0 0 0 0 0 0 0 0 0 0 0 
0 0 0.99975 0 0 0 0 0 0 0 0 0 0 0 0 0 0 
0 0 0.99976 0 0 0 0 0 0 0 0 0 0 0 0 0 0 
0 0 0.999715 0 0 0 0 0 0 0 0 0 0 0 0 0 0 
0 0 0.999798 0 0 0 0 0 0 0 0 0 0 0 0 0 0 
0 0 0.999778 0 0 0 0 0 0 0 0 0 0 0 0 0 0 
0 0 0.999818 0 0 0 0 0 0 0 0 0 0 0 0 0 0 
0 0 0.999492 0 0 0 0 0 0 0 0 0 0 0 0 0 0 
0 0 0.999588 0 0 0 0 0 0 0 0 0 0 0 0 0 0 
0 0 0.999563 0 0 0 0 0 0 0 0 0 0 0 0 0 0 
0 0 0.999186 0 0 0 0 0 0 0 0 0 0 0 0 0 0 
0 0 0.999617 0 0 0 0 0 0 0 0 0 0 0 0 0 0 
0 0 0.999613 0 0 0 0 0 0 0 0 0 0 0 0 0 0 
0 0 0.999578 0 0 0 0 0 0 0 0 0 0 0 0 0 0 
0 0 0.999289 0 0 0 0 0 0 0 0 0 0 0 0 0 0 
0 0 0.999151 0 0 0 0 0 0 0 0 0 0 0 0 0 0 
0 0 0.99913 0 0 0 0 0 0 0 0 0 0 0 0 0 0 
0 0 0.999379 0 0 0 0 0 0 0 0 0 0 0 0 0 0 
0 0 0.999522 0 0 0 0 0 0 0 0 0 0 0 0 0 0 
0 0 0.999404 0 0 0 0 0 0 0 0 0 0 0 0 0 0 
0 0 0.99953 0 0 0 0 0 0 0 0 0 0 0 0 0 0 
0 0 0.999545 0 0 0 0 0 0 0 0 0 0 0 0 0 0 
0 0 0.999551 0 0 0 0 0 0 0 0 0 0 0 0 0 0 
0 0 0.999447 0 0 0 0 0 0 0 0 0 0 0 0 0 0 
0 0 0.999197 0 0 0 0 0 0 0 0 0 0 0 0 0 0 
0 0 0.999662 0 0 0 0 0 0 0 0 0 0 0 0 0 0 
0 0 0.99972 0 0 0 0 0 0 0 0 0 0 0 0 0 0 
0 0 0.999732 0 0 0 0 0 0 0 0 0 0 0 0 0 0 
0 0 0.999849 0 0 0 0 0 0 0 0 0 0 0 0 0 0 
0 0 0.999831 0 0 0 0 0 0 0 0 0 0 0 0 0 0 
0 0 0.999655 0 0 0 0 0 0 0 0 0 0 0 0 0 0 
0 0 0.999692 0 0 0 0 0 0 0 0 0 0 0 0 0 0 
0 0 0.9997 0 0 0 0 0 0 0 0 0 0 0 0 0 0 
0 0 0.999668 0 0 0 0 0 0 0 0 0 0 0 0 0 0 
0 0 0.999669 0 0 0 0 0 0 0 0 0 0 0 0 0 0 
0 0 0.999627 0 0 0 0 0 0 0 0 0 0 0 0 0 0 
0 0 0.99951 0 0 0 0 0 0 0 0 0 0 0 0 0 0 
0 0 0.999348 0 0 0 0 0 0 0 0 0 0 0 0 0 0 
0 0 0.999617 0 0 0 0 0 0 0 0 0 0 0 0 0 0 
0 0 0.999622 0 0 0 0 0 0 0 0 0 0 0 0 0 0 
0 0 0.999555 0 0 0 0 0 0 0 0 0 0 0 0 0 0 
0 0 0.99943 0 0 0 0 0 0 0 0 0 0 0 0 0 0 
0 0 0.999793 0 0 0 0 0 0 0 0 0 0 0 0 0 0 
0 0 0.999823 0 0 0 0 0 0 0 0 0 0 0 0 0 0 
0 0 0.99979 0 0 0 0 0 0 0 0 0 0 0 0 0 0 
0 0 0.99963 0 0 0 0 0 0 0 0 0 0 0 0 0 0 
0 0 0.999616 0 0 0 0 0 0 0 0 0 0 0 0 0 0 
0 0 0.999584 0 0 0 0 0 0 0 0 0 0 0 0 0 0 
0 0 0.999793 0 0 0 0 0 0 0 0 0 0 0 0 0 0 
0 0 0.999822 0 0 0 0 0 0 0 0 0 0 0 0 0 0 
0 0 0.999814 0 0 0 0 0 0 0 0 0 0 0 0 0 0 
0 0 0.999669 0 0 0 0 0 0 0 0 0 0 0 0 0 0 
0 0 0.999618 0 0 0 0 0 0 0 0 0 0 0 0 0 0 
0 0 0.99968 0 0 0 0 0 0 0 0 0 0 0 0 0 0 
0 0 0.999646 0 0 0 0 0 0 0 0 0 0 0 0 0 0 
0 0 0.99963 0 0 0 0 0 0 0 0 0 0 0 0 0 0 
0 0 0.999672 0 0 0 0 0 0 0 0 0 0 0 0 0 0 
0 0 0.999859 0 0 0 0 0 0 0 0 0 0 0 0 0 0 
0 0 0.999845 0 0 0 0 0 0 0 0 0 0 0 0 0 0 
0 0 0.999855 0 0 0 0 0 0 0 0 0 0 0 0 0 0 
0 0 0.999274 0 0 0 0 0 0 0 0 0 0 0 0 0 0 
0 0 0.999723 0 0 0 0 0 0 0 0 0 0 0 0 0 0 
0 0 0.999757 0 0 0 0 0 0 0 0 0 0 0 0 0 0 
0 0 0.999722 0 0 0 0 0 0 0 0 0 0 0 0 0 0 
0 0 0.999625 0 0 0 0 0 0 0 0 0 0 0 0 0 0 
0 0 0.999624 0 0 0 0 0 0 0 0 0 0 0 0 0 0 
0 0 0.999575 0 0 0 0 0 0 0 0 0 0 0 0 0 0 
0 0 0.999872 0 0 0 0 0 0 0 0 0 0 0 0 0 0 
0 0 0.999549 0 0 0 0 0 0 0 0 0 0 0 0 0 0 
0 0 0.999459 0 0 0 0 0 0 0 0 0 0 0 0 0 0 
0 0 0.999589 0 0 0 0 0 0 0 0 0 0 0 0 0 0 
0 0 0.999554 0 0 0 0 0 0 0 0 0 0 0 0 0 0 
0 0 0.999638 0 0 0 0 0 0 0 0 0 0 0 0 0 0 
0 0 0.999505 0 0 0 0 0 0 0 0 0 0 0 0 0 0 
0 0 0.999498 0 0 0 0 0 0 0 0 0 0 0 0 0 0 
0 0 0.999751 0 0 0 0 0 0 0 0 0 0 0 0 0 0 
0 0 0.99977 0 0 0 0 0 0 0 0 0 0 0 0 0 0 
0 0 0.999762 0 0 0 0 0 0 0 0 0 0 0 0 0 0 
0 0 0.999412 0 0 0 0 0 0 0 0 0 0 0 0 0 0 
0 0 0.99933 0 0 0 0 0 0 0 0 0 0 0 0 0 0 
0 0 0.999689 0 0 0 0 0 0 0 0 0 0 0 0 0 0 
0 0 0.999712 0 0 0 0 0 0 0 0 0 0 0 0 0 0 
0 0 0.99975 0 0 0 0 0 0 0 0 0 0 0 0 0 0 
0 0 0.999408 0 0 0 0 0 0 0 0 0 0 0 0 0 0 
0 0 0.999493 0 0 0 0 0 0 0 0 0 0 0 0 0 0 
0 0 0.999621 0 0 0 0 0 0 0 0 0 0 0 0 0 0 
0 0 0.999585 0 0 0 0 0 0 0 0 0 0 0 0 0 0 
0 0 0.999621 0 0 0 0 0 0 0 0 0 0 0 0 0 0 
0 0 0.999691 0 0 0 0 0 0 0 0 0 0 0 0 0 0 
0 0 0.999723 0 0 0 0 0 0 0 0 0 0 0 0 0 0 
0 0 0.999697 0 0 0 0 0 0 0 0 0 0 0 0 0 0 
0 0 0.999753 0 0 0 0 0 0 0 0 0 0 0 0 0 0 
0 0 0.999792 0 0 0 0 0 0 0 0 0 0 0 0 0 0 
0 0 0.999552 0 0 0 0 0 0 0 0 0 0 0 0 0 0 
0 0 0.999572 0 0 0 0 0 0 0 0 0 0 0 0 0 0 
0 0 0.999505 0 0 0 0 0 0 0 0 0 0 0 0 0 0 
0 0 0.999641 0 0 0 0 0 0 0 0 0 0 0 0 0 0 
0 0 0.999658 0 0 0 0 0 0 0 0 0 0 0 0 0 0 
0 0 0.999704 0 0 0 0 0 0 0 0 0 0 0 0 0 0 
0 0 0.999644 0 0 0 0 0 0 0 0 0 0 0 0 0 0 
0 0 0.999664 0 0 0 0 0 0 0 0 0 0 0 0 0 0 
0 0 0.999707 0 0 0 0 0 0 0 0 0 0 0 0 0 0 
0 0 0.999699 0 0 0 0 0 0 0 0 0 0 0 0 0 0 
0 0 0.999395 0 0 0 0 0 0 0 0 0 0 0 0 0 0 
0 0 0.999504 0 0 0 0 0 0 0 0 0 0 0 0 0 0 
0 0 0.999276 0 0 0 0 0 0 0 0 0 0 0 0 0 0 
0 0 0.999639 0 0 0 0 0 0 0 0 0 0 0 0 0 0 
0 0 0.999837 0 0 0 0 0 0 0 0 0 0 0 0 0 0 
0 0 0.999826 0 0 0 0 0 0 0 0 0 0 0 0 0 0 
0 0 0.999814 0 0 0 0 0 0 0 0 0 0 0 0 0 0 
0 0 0.999718 0 0 0 0 0 0 0 0 0 0 0 0 0 0 
0 0 0.99961 0 0 0 0 0 0 0 0 0 0 0 0 0 0 
0 0 0.999614 0 0 0 0 0 0 0 0 0 0 0 0 0 0 
0 0 0.999234 0 0 0 0 0 0 0 0 0 0 0 0 0 0 
0 0 0.999096 0 0 0 0 0 0 0 0 0 0 0 0 0 0 
0 0 0.999756 0 0 0 0 0 0 0 0 0 0 0 0 0 0 
0 0 0.999806 0 0 0 0 0 0 0 0 0 0 0 0 0 0 
0 0 0.999781 0 0 0 0 0 0 0 0 0 0 0 0 0 0 
0 0 0.999217 0 0 0 0 0 0 0 0 0 0 0 0 0 0 
0 0 0.99962 0 0 0 0 0 0 0 0 0 0 0 0 0 0 
0 0 0.999663 0 0 0 0 0 0 0 0 0 0 0 0 0 0 
0 0 0.999623 0 0 0 0 0 0 0 0 0 0 0 0 0 0 
0 0 0.999723 0 0 0 0 0 0 0 0 0 0 0 0 0 0 
0 0 0.999756 0 0 0 0 0 0 0 0 0 0 0 0 0 0 
0 0 0.999724 0 0 0 0 0 0 0 0 0 0 0 0 0 0 
0 0 0.999536 0 0 0 0 0 0 0 0 0 0 0 0 0 0 
0 0 0.999563 0 0 0 0 0 0 0 0 0 0 0 0 0 0 
0 0 0.999562 0 0 0 0 0 0 0 0 0 0 0 0 0 0 
0 0 0.99948 0 0 0 0 0 0 0 0 0 0 0 0 0 0 
0 0 0.999551 0 0 0 0 0 0 0 0 0 0 0 0 0 0 
0 0 0.999638 0 0 0 0 0 0 0 0 0 0 0 0 0 0 
0 0 0.999765 0 0 0 0 0 0 0 0 0 0 0 0 0 0 
0 0 0.99979 0 0 0 0 0 0 0 0 0 0 0 0 0 0 
0 0 0.999513 0 0 0 0 0 0 0 0 0 0 0 0 0 0 
0 0 0.999603 0 0 0 0 0 0 0 0 0 0 0 0 0 0 
0 0 0.999649 0 0 0 0 0 0 0 0 0 0 0 0 0 0 
0 0 0.999468 0 0 0 0 0 0 0 0 0 0 0 0 0 0 
0 0 0.999767 0 0 0 0 0 0 0 0 0 0 0 0 0 0 
0 0 0.999807 0 0 0 0 0 0 0 0 0 0 0 0 0 0 
0 0 0.999374 0 0 0 0 0 0 0 0 0 0 0 0 0 0 
0 0 0.999473 0 0 0 0 0 0 0 0 0 0 0 0 0 0 
0 0 0.999742 0 0 0 0 0 0 0 0 0 0 0 0 0 0 
0 0 0.999721 0 0 0 0 0 0 0 0 0 0 0 0 0 0 
0 0 0.999778 0 0 0 0 0 0 0 0 0 0 0 0 0 0 
0 0 0.999193 0 0 0 0 0 0 0 0 0 0 0 0 0 0 
0 0 0.999323 0 0 0 0 0 0 0 0 0 0 0 0 0 0 
0 0 0.999208 0 0 0 0 0 0 0 0 0 0 0 0 0 0 
0 0 0.999223 0 0 0 0 0 0 0 0 0 0 0 0 0 0 
0 0 0.999396 0 0 0 0 0 0 0 0 0 0 0 0 0 0 
0 0 0.999398 0 0 0 0 0 0 0 0 0 0 0 0 0 0 
0 0 0.999622 0 0 0 0 0 0 0 0 0 0 0 0 0 0 
0 0 0.999786 0 0 0 0 0 0 0 0 0 0 0 0 0 0 
0 0 0.999347 0 0 0 0 0 0 0 0 0 0 0 0 0 0 
0 0 0.999654 0 0 0 0 0 0 0 0 0 0 0 0 0 0 
0 0 0.999668 0 0 0 0 0 0 0 0 0 0 0 0 0 0 
0 0 0.999637 0 0 0 0 0 0 0 0 0 0 0 0 0 0 
0 0 0.999077 0 0 0 0 0 0 0 0 0 0 0 0 0 0 
0 0 0.999782 0 0 0 0 0 0 0 0 0 0 0 0 0 0 
0 0 0.999751 0 0 0 0 0 0 0 0 0 0 0 0 0 0 
0 0 0.9997 0 0 0 0 0 0 0 0 0 0 0 0 0 0 
0 0 0.99971 0 0 0 0 0 0 0 0 0 0 0 0 0 0 
0 0 0.999823 0 0 0 0 0 0 0 0 0 0 0 0 0 0 
0 0 0.999713 0 0 0 0 0 0 0 0 0 0 0 0 0 0 
0 0 0.999705 0 0 0 0 0 0 0 0 0 0 0 0 0 0 
0 0 0.999316 0 0 0 0 0 0 0 0 0 0 0 0 0 0 
0 0 0.999669 0 0 0 0 0 0 0 0 0 0 0 0 0 0 
0 0 0.999676 0 0 0 0 0 0 0 0 0 0 0 0 0 0 
0 0 0.999556 0 0 0 0 0 0 0 0 0 0 0 0 0 0 
0 0 0.999661 0 0 0 0 0 0 0 0 0 0 0 0 0 0 
0 0 0.999791 0 0 0 0 0 0 0 0 0 0 0 0 0 0 
0 0 0.999683 0 0 0 0 0 0 0 0 0 0 0 0 0 0 
0 0 0.999428 0 0 0 0 0 0 0 0 0 0 0 0 0 0 
0 0 0.999398 0 0 0 0 0 0 0 0 0 0 0 0 0 0 
0 0 0.999834 0 0 0 0 0 0 0 0 0 0 0 0 0 0 
0 0 0.999684 0 0 0 0 0 0 0 0 0 0 0 0 0 0 
0 0 0.999335 0 0 0 0 0 0 0 0 0 0 0 0 0 0 
0 0 0.999589 0 0 0 0 0 0 0 0 0 0 0 0 0 0 
0 0 0.999637 0 0 0 0 0 0 0 0 0 0 0 0 0 0 
0 0 0.999596 0 0 0 0 0 0 0 0 0 0 0 0 0 0 
0 0 0.999693 0 0 0 0 0 0 0 0 0 0 0 0 0 0 
0 0 0.999658 0 0 0 0 0 0 0 0 0 0 0 0 0 0 
0 0 0.999542 0 0 0 0 0 0 0 0 0 0 0 0 0 0 
0 0 0.999599 0 0 0 0 0 0 0 0 0 0 0 0 0 0 
0 0 0.999555 0 0 0 0 0 0 0 0 0 0 0 0 0 0 
0 0 0.999604 0 0 0 0 0 0 0 0 0 0 0 0 0 0 
0 0 0.999792 0 0 0 0 0 0 0 0 0 0 0 0 0 0 
0 0 0.99959 0 0 0 0 0 0 0 0 0 0 0 0 0 0 
0 0 0.999233 0 0 0 0 0 0 0 0 0 0 0 0 0 0 
0 0 0.999809 0 0 0 0 0 0 0 0 0 0 0 0 0 0 
0 0 0.999755 0 0 0 0 0 0 0 0 0 0 0 0 0 0 
0 0 0.999724 0 0 0 0 0 0 0 0 0 0 0 0 0 0 
0 0 0.999783 0 0 0 0 0 0 0 0 0 0 0 0 0 0 
0 0 0.999225 0 0 0 0 0 0 0 0 0 0 0 0 0 0 
0 0 0.999337 0 0 0 0 0 0 0 0 0 0 0 0 0 0 
0 0 0.99936 0 0 0 0 0 0 0 0 0 0 0 0 0 0 
0 0 0.999647 0 0 0 0 0 0 0 0 0 0 0 0 0 0 
0 0 0.999634 0 0 0 0 0 0 0 0 0 0 0 0 0 0 
0 0 0.999691 0 0 0 0 0 0 0 0 0 0 0 0 0 0 
0 0 0.999556 0 0 0 0 0 0 0 0 0 0 0 0 0 0 
0 0 0.999689 0 0 0 0 0 0 0 0 0 0 0 0 0 0 
0 0 0.999724 0 0 0 0 0 0 0 0 0 0 0 0 0 0 
0 0 0.999698 0 0 0 0 0 0 0 0 0 0 0 0 0 0 
0 0 0.999452 0 0 0 0 0 0 0 0 0 0 0 0 0 0 
0 0 0.999471 0 0 0 0 0 0 0 0 0 0 0 0 0 0 
0 0 0.999219 0 0 0 0 0 0 0 0 0 0 0 0 0 0 
0 0 0.999358 0 0 0 0 0 0 0 0 0 0 0 0 0 0 
0 0 0.999455 0 0 0 0 0 0 0 0 0 0 0 0 0 0 
0 0 0.999339 0 0 0 0 0 0 0 0 0 0 0 0 0 0 
0 0 0.999432 0 0 0 0 0 0 0 0 0 0 0 0 0 0 
0 0 0.999553 0 0 0 0 0 0 0 0 0 0 0 0 0 0 
0 0 0.999537 0 0 0 0 0 0 0 0 0 0 0 0 0 0 
0 0 0.999597 0 0 0 0 0 0 0 0 0 0 0 0 0 0 
0 0 0.999722 0 0 0 0 0 0 0 0 0 0 0 0 0 0 
0 0 0.999772 0 0 0 0 0 0 0 0 0 0 0 0 0 0 
0 0 0.99976 0 0 0 0 0 0 0 0 0 0 0 0 0 0 
0 0 0.999596 0 0 0 0 0 0 0 0 0 0 0 0 0 0 
0 0 0.999417 0 0 0 0 0 0 0 0 0 0 0 0 0 0 
0 0 0.999618 0 0 0 0 0 0 0 0 0 0 0 0 0 0 
0 0 0.999802 0 0 0 0 0 0 0 0 0 0 0 0 0 0 
0 0 0.999704 0 0 0 0 0 0 0 0 0 0 0 0 0 0 
0 0 0.999823 0 0 0 0 0 0 0 0 0 0 0 0 0 0 
0 0 0.999668 0 0 0 0 0 0 0 0 0 0 0 0 0 0 
0 0 0.999201 0 0 0 0 0 0 0 0 0 0 0 0 0 0 
0 0 0.999075 0 0 0 0 0 0 0 0 0 0 0 0 0 0 
0 0 0.999615 0 0 0 0 0 0 0 0 0 0 0 0 0 0 
0 0 0.99965 0 0 0 0 0 0 0 0 0 0 0 0 0 0 
0 0 0.999549 0 0 0 0 0 0 0 0 0 0 0 0 0 0 
0 0 0.999459 0 0 0 0 0 0 0 0 0 0 0 0 0 0 
0 0 0.999464 0 0 0 0 0 0 0 0 0 0 0 0 0 0 
0 0 0.999718 0 0 0 0 0 0 0 0 0 0 0 0 0 0 
0 0 0.999608 0 0 0 0 0 0 0 0 0 0 0 0 0 0 
0 0 0.999603 0 0 0 0 0 0 0 0 0 0 0 0 0 0 
0 0 0.999557 0 0 0 0 0 0 0 0 0 0 0 0 0 0 
0 0 0.999793 0 0 0 0 0 0 0 0 0 0 0 0 0 0 
0 0 0.999532 0 0 0 0 0 0 0 0 0 0 0 0 0 0 
0 0 0.999449 0 0 0 0 0 0 0 0 0 0 0 0 0 0 
0 0 0.999469 0 0 0 0 0 0 0 0 0 0 0 0 0 0 
0 0 0.999814 0 0 0 0 0 0 0 0 0 0 0 0 0 0 
0 0 0.999682 0 0 0 0 0 0 0 0 0 0 0 0 0 0 
0 0 0.999335 0 0 0 0 0 0 0 0 0 0 0 0 0 0 
0 0 0.999629 0 0 0 0 0 0 0 0 0 0 0 0 0 0 
0 0 0.999596 0 0 0 0 0 0 0 0 0 0 0 0 0 0 
0 0 0.999661 0 0 0 0 0 0 0 0 0 0 0 0 0 0 
0 0 0.999544 0 0 0 0 0 0 0 0 0 0 0 0 0 0 
0 0 0.999403 0 0 0 0 0 0 0 0 0 0 0 0 0 0 
0 0 0.999621 0 0 0 0 0 0 0 0 0 0 0 0 0 0 
0 0 0.999309 0 0 0 0 0 0 0 0 0 0 0 0 0 0 
0 0 0.999749 0 0 0 0 0 0 0 0 0 0 0 0 0 0 
0 0 0.999757 0 0 0 0 0 0 0 0 0 0 0 0 0 0 
0 0 0.999727 0 0 0 0 0 0 0 0 0 0 0 0 0 0 
0 0 0.99977 0 0 0 0 0 0 0 0 0 0 0 0 0 0 
0 0 0.999752 0 0 0 0 0 0 0 0 0 0 0 0 0 0 
0 0 0.999797 0 0 0 0 0 0 0 0 0 0 0 0 0 0 
0 0 0.99975 0 0 0 0 0 0 0 0 0 0 0 0 0 0 
0 0 0.999707 0 0 0 0 0 0 0 0 0 0 0 0 0 0 
0 0 0.999746 0 0 0 0 0 0 0 0 0 0 0 0 0 0 
0 0 0.999628 0 0 0 0 0 0 0 0 0 0 0 0 0 0 
0 0 0.999671 0 0 0 0 0 0 0 0 0 0 0 0 0 0 
0 0 0.999635 0 0 0 0 0 0 0 0 0 0 0 0 0 0 
0 0 0.999507 0 0 0 0 0 0 0 0 0 0 0 0 0 0 
0 0 0.999752 0 0 0 0 0 0 0 0 0 0 0 0 0 0 
0 0 0.999171 0 0 0 0 0 0 0 0 0 0 0 0 0 0 
0 0 0.999408 0 0 0 0 0 0 0 0 0 0 0 0 0 0 
0 0 0.99953 0 0 0 0 0 0 0 0 0 0 0 0 0 0 
0 0 0.999564 0 0 0 0 0 0 0 0 0 0 0 0 0 0 
0 0 0.999737 0 0 0 0 0 0 0 0 0 0 0 0 0 0 
0 0 0.999723 0 0 0 0 0 0 0 0 0 0 0 0 0 0 
0 0 0.999817 0 0 0 0 0 0 0 0 0 0 0 0 0 0 
0 0 0.999838 0 0 0 0 0 0 0 0 0 0 0 0 0 0 
0 0 0.999652 0 0 0 0 0 0 0 0 0 0 0 0 0 0 
0 0 0.999836 0 0 0 0 0 0 0 0 0 0 0 0 0 0 
0 0 0.999467 0 0 0 0 0 0 0 0 0 0 0 0 0 0 
0 0 0.999743 0 0 0 0 0 0 0 0 0 0 0 0 0 0 
0 0 0.999706 0 0 0 0 0 0 0 0 0 0 0 0 0 0 
0 0 0.999793 0 0 0 0 0 0 0 0 0 0 0 0 0 0 
0 0 0.999792 0 0 0 0 0 0 0 0 0 0 0 0 0 0 
0 0 0.999595 0 0 0 0 0 0 0 0 0 0 0 0 0 0 
0 0 0.999256 0 0 0 0 0 0 0 0 0 0 0 0 0 0 
0 0 0.999711 0 0 0 0 0 0 0 0 0 0 0 0 0 0 
0 0 0.999245 0 0 0 0 0 0 0 0 0 0 0 0 0 0 
0 0 0.999736 0 0 0 0 0 0 0 0 0 0 0 0 0 0 
0 0 0.999769 0 0 0 0 0 0 0 0 0 0 0 0 0 0 
0 0 0.999353 0 0 0 0 0 0 0 0 0 0 0 0 0 0 
0 0 0.999845 0 0 0 0 0 0 0 0 0 0 0 0 0 0 
0 0 0.999866 0 0 0 0 0 0 0 0 0 0 0 0 0 0 
0 0 0.999741 0 0 0 0 0 0 0 0 0 0 0 0 0 0 
0 0 0.999781 0 0 0 0 0 0 0 0 0 0 0 0 0 0 
0 0 0.999847 0 0 0 0 0 0 0 0 0 0 0 0 0 0 
0 0 0.999728 0 0 0 0 0 0 0 0 0 0 0 0 0 0 
0 0 0.999493 0 0 0 0 0 0 0 0 0 0 0 0 0 0 
0 0 0.999841 0 0 0 0 0 0 0 0 0 0 0 0 0 0 
0 0 0.999843 0 0 0 0 0 0 0 0 0 0 0 0 0 0 
0 0 0.999444 0 0 0 0 0 0 0 0 0 0 0 0 0 0 
0 0 0.999539 0 0 0 0 0 0 0 0 0 0 0 0 0 0 
0 0 0.999862 0 0 0 0 0 0 0 0 0 0 0 0 0 0 
0 0 0.999852 0 0 0 0 0 0 0 0 0 0 0 0 0 0 
0 0 0.999669 0 0 0 0 0 0 0 0 0 0 0 0 0 0 
0 0 0.999668 0 0 0 0 0 0 0 0 0 0 0 0 0 0 
0 0 0.99961 0 0 0 0 0 0 0 0 0 0 0 0 0 0 
0 0 0.999358 0 0 0 0 0 0 0 0 0 0 0 0 0 0 
0 0 0.99947 0 0 0 0 0 0 0 0 0 0 0 0 0 0 
0 0 0.999432 0 0 0 0 0 0 0 0 0 0 0 0 0 0 
0 0 0.999727 0 0 0 0 0 0 0 0 0 0 0 0 0 0 
0 0 0.999584 0 0 0 0 0 0 0 0 0 0 0 0 0 0 
0 0 0.999626 0 0 0 0 0 0 0 0 0 0 0 0 0 0 
0 0 0.999608 0 0 0 0 0 0 0 0 0 0 0 0 0 0 
0 0 0.999138 0 0 0 0 0 0 0 0 0 0 0 0 0 0 
0 0 0.999804 0 0 0 0 0 0 0 0 0 0 0 0 0 0 
0 0 0.999791 0 0 0 0 0 0 0 0 0 0 0 0 0 0 
0 0 0.999573 0 0 0 0 0 0 0 0 0 0 0 0 0 0 
0 0 0.999606 0 0 0 0 0 0 0 0 0 0 0 0 0 0 
0 0 0.999547 0 0 0 0 0 0 0 0 0 0 0 0 0 0 
0 0 0.999302 0 0 0 0 0 0 0 0 0 0 0 0 0 0 
0 0 0.999553 0 0 0 0 0 0 0 0 0 0 0 0 0 0 
0 0 0.999516 0 0 0 0 0 0 0 0 0 0 0 0 0 0 
0 0 0.999708 0 0 0 0 0 0 0 0 0 0 0 0 0 0 
0 0 0.999389 0 0 0 0 0 0 0 0 0 0 0 0 0 0 
0 0 0.999692 0 0 0 0 0 0 0 0 0 0 0 0 0 0 
0 0 0.999849 0 0 0 0 0 0 0 0 0 0 0 0 0 0 
0 0 0.999463 0 0 0 0 0 0 0 0 0 0 0 0 0 0 
0 0 0.99953 0 0 0 0 0 0 0 0 0 0 0 0 0 0 
0 0 0.999331 0 0 0 0 0 0 0 0 0 0 0 0 0 0 
0 0 0.999486 0 0 0 0 0 0 0 0 0 0 0 0 0 0 
0 0 0.99974 0 0 0 0 0 0 0 0 0 0 0 0 0 0 
0 0 0.999399 0 0 0 0 0 0 0 0 0 0 0 0 0 0 
0 0 0.99919 0 0 0 0 0 0 0 0 0 0 0 0 0 0 
0 0 0.999776 0 0 0 0 0 0 0 0 0 0 0 0 0 0 
0 0 0.999781 0 0 0 0 0 0 0 0 0 0 0 0 0 0 
0 0 0.999783 0 0 0 0 0 0 0 0 0 0 0 0 0 0 
0 0 0.999787 0 0 0 0 0 0 0 0 0 0 0 0 0 0 
0 0 0.999642 0 0 0 0 0 0 0 0 0 0 0 0 0 0 
0 0 0.999685 0 0 0 0 0 0 0 0 0 0 0 0 0 0 
0 0 0.999448 0 0 0 0 0 0 0 0 0 0 0 0 0 0 
0 0 0.999453 0 0 0 0 0 0 0 0 0 0 0 0 0 0 
0 0 0.999665 0 0 0 0 0 0 0 0 0 0 0 0 0 0 
0 0 0.999666 0 0 0 0 0 0 0 0 0 0 0 0 0 0 
0 0 0.999719 0 0 0 0 0 0 0 0 0 0 0 0 0 0 
0 0 0.999729 0 0 0 0 0 0 0 0 0 0 0 0 0 0 
0 0 0.999778 0 0 0 0 0 0 0 0 0 0 0 0 0 0 
0 0 0.999747 0 0 0 0 0 0 0 0 0 0 0 0 0 0 
0 0 0.999666 0 0 0 0 0 0 0 0 0 0 0 0 0 0 
0 0 0.999376 0 0 0 0 0 0 0 0 0 0 0 0 0 0 
0 0 0.999766 0 0 0 0 0 0 0 0 0 0 0 0 0 0 
0 0 0.999201 0 0 0 0 0 0 0 0 0 0 0 0 0 0 
0 0 0.999786 0 0 0 0 0 0 0 0 0 0 0 0 0 0 
0 0 0.999778 0 0 0 0 0 0 0 0 0 0 0 0 0 0 
0 0 0.999743 0 0 0 0 0 0 0 0 0 0 0 0 0 0 
0 0 0.999396 0 0 0 0 0 0 0 0 0 0 0 0 0 0 
0 0 0.999312 0 0 0 0 0 0 0 0 0 0 0 0 0 0 
0 0 0.999647 0 0 0 0 0 0 0 0 0 0 0 0 0 0 
0 0 0.999704 0 0 0 0 0 0 0 0 0 0 0 0 0 0 
0 0 0.999712 0 0 0 0 0 0 0 0 0 0 0 0 0 0 
0 0 0.999561 0 0 0 0 0 0 0 0 0 0 0 0 0 0 
0 0 0.999811 0 0 0 0 0 0 0 0 0 0 0 0 0 0 
0 0 0.999867 0 0 0 0 0 0 0 0 0 0 0 0 0 0 
0 0 0.999659 0 0 0 0 0 0 0 0 0 0 0 0 0 0 
0 0 0.999606 0 0 0 0 0 0 0 0 0 0 0 0 0 0 
0 0 0.999606 0 0 0 0 0 0 0 0 0 0 0 0 0 0 
0 0 0.999663 0 0 0 0 0 0 0 0 0 0 0 0 0 0 
0 0 0.999772 0 0 0 0 0 0 0 0 0 0 0 0 0 0 
0 0 0.999688 0 0 0 0 0 0 0 0 0 0 0 0 0 0 
0 0 0.99969 0 0 0 0 0 0 0 0 0 0 0 0 0 0 
0 0 0.999237 0 0 0 0 0 0 0 0 0 0 0 0 0 0 
0 0 0.99962 0 0 0 0 0 0 0 0 0 0 0 0 0 0 
0 0 0.999661 0 0 0 0 0 0 0 0 0 0 0 0 0 0 
0 0 0.999692 0 0 0 0 0 0 0 0 0 0 0 0 0 0 
0 0 0.999719 0 0 0 0 0 0 0 0 0 0 0 0 0 0 
0 0 0.999533 0 0 0 0 0 0 0 0 0 0 0 0 0 0 
0 0 0.999623 0 0 0 0 0 0 0 0 0 0 0 0 0 0 
0 0 0.999267 0 0 0 0 0 0 0 0 0 0 0 0 0 0 
0 0 0.999682 0 0 0 0 0 0 0 0 0 0 0 0 0 0 
