452 0.584021 0.859454 0.480927
454 0.588604 0.859591 0.492829
506 0.603158 0.843138 0.541111
507 0.605937 0.841117 0.536358
508 0.606924 0.841968 0.543293
518 0.403946 0.843219 0.548942
519 0.402145 0.841534 0.549285
520 0.403741 0.840953 0.550555
618 0.597207 0.84347 0.544067
619 0.600651 0.843211 0.544093
620 0.598776 0.843754 0.5403
683 0.419325 0.855284 0.471861
684 0.420374 0.841645 0.471571
685 0.414813 0.843311 0.483308
692 0.567582 0.85495 0.607799
693 0.562114 0.851468 0.610924
694 0.567503 0.849582 0.607016
846 0.399674 0.842645 0.54657
847 0.395458 0.841499 0.547969
848 0.398376 0.840502 0.550235
1500 0.444668 0.855 0.616603
1502 0.436391 0.851436 0.610798
1726 0.59423 0.845193 0.533084
1727 0.595858 0.842796 0.533906
1728 0.594338 0.842172 0.531872
1800 0.610121 0.840196 0.543661
1801 0.609992 0.840129 0.539331
1957 0.407316 0.840626 0.521913
1958 0.407176 0.845302 0.516735
2026 0.402735 0.84408 0.539362
2027 0.403493 0.844788 0.542179
2028 0.403648 0.847235 0.540726
2288 0.491951 0.844286 0.640418
2289 0.486214 0.854584 0.639319
2290 0.478373 0.845946 0.634376
2601 0.578218 0.842732 0.595885
2602 0.583469 0.84282 0.58711
2619 0.413902 0.857515 0.584398
2620 0.419585 0.855216 0.595022
2664 0.425987 0.851412 0.60294
2665 0.420289 0.842701 0.595685
2731 0.553956 0.854946 0.443516
2899 0.444589 0.854917 0.443462
2900 0.454061 0.841049 0.437926
2968 0.54348 0.841043 0.618411
3017 0.403646 0.844325 0.545613
3018 0.402752 0.84263 0.546989
3252 0.49196 0.845141 0.425188
3253 0.506548 0.849826 0.424915
3405 0.58874 0.842777 0.573963
3406 0.584569 0.857602 0.584618
3408 0.506553 0.84428 0.640463
3920 0.4651 0.859674 0.431576
3921 0.465073 0.842481 0.432146
3922 0.47787 0.843666 0.427693
4011 0.395978 0.843029 0.543685
4030 0.520652 0.844467 0.42765
4416 0.593037 0.842695 0.528438
4417 0.5929 0.845885 0.525063
4418 0.594058 0.846908 0.531191
4434 0.60149 0.843095 0.538048
4450 0.401716 0.843596 0.543794
4572 0.53344 0.842554 0.432186
4573 0.595069 0.844618 0.542139
4574 0.595687 0.844011 0.538903
4823 0.594382 0.842023 0.55071
4825 0.595218 0.841256 0.549982
5514 0.40383 0.854604 0.528401
5581 0.410531 0.842771 0.501088
5582 0.409907 0.859578 0.492759
5614 0.562108 0.851524 0.45062
5615 0.567465 0.844379 0.456804
5815 0.579169 0.855319 0.471896
5836 0.595668 0.842783 0.54684
5839 0.398749 0.841213 0.532993
5840 0.394954 0.842379 0.53734
5841 0.400948 0.843474 0.536867
5847 0.403728 0.845742 0.537749
5848 0.403616 0.850289 0.536401
6047 0.593364 0.841189 0.555291
6056 0.436404 0.851573 0.450565
6057 0.431045 0.844364 0.456709
6370 0.466023 0.84221 0.625653
6371 0.454295 0.857483 0.622954
6372 0.455046 0.841022 0.618255
6448 0.499263 0.854922 0.641929
6449 0.512324 0.854368 0.639345
6575 0.572523 0.851434 0.60308
6774 0.405854 0.842037 0.527075
6775 0.40491 0.841662 0.530184
6779 0.391249 0.841455 0.544907
6986 0.403356 0.854417 0.542114
6987 0.403709 0.847097 0.544459
7123 0.583694 0.843333 0.483467
7211 0.600271 0.840993 0.5329
7223 0.591205 0.840664 0.522054
7325 0.403995 0.844268 0.53483
7326 0.404577 0.846081 0.530947
7650 0.415003 0.842702 0.586799
7667 0.595118 0.854084 0.543115
7668 0.594868 0.847397 0.540579
7669 0.594992 0.851382 0.536795
7746 0.592976 0.847115 0.559793
7803 0.544212 0.857499 0.623061
7804 0.532478 0.842219 0.625811
7840 0.601248 0.84182 0.547957
8132 0.597637 0.843459 0.536799
8202 0.594802 0.846958 0.544642
8211 0.404507 0.842621 0.552259
8248 0.405169 0.841045 0.555162
8249 0.405365 0.847206 0.558762
8326 0.414492 0.859446 0.480872
8887 0.520115 0.845985 0.634498
8936 0.594563 0.853575 0.550493
9022 0.409518 0.842207 0.57272
9216 0.572945 0.851597 0.462836
9235 0.403951 0.854223 0.550419
9391 0.587981 0.842845 0.50124
9503 0.392923 0.842482 0.540654
9504 0.390499 0.841133 0.538787
9539 0.594176 0.845771 0.551812
9774 0.544566 0.857481 0.437162
9775 0.544454 0.841065 0.437998
10315 0.594562 0.844512 0.535349
10359 0.408899 0.859919 0.571681
10659 0.589587 0.859964 0.571873
10925 0.594649 0.845227 0.547192
11244 0.567675 0.855169 0.456312
11290 0.567634 0.849853 0.456462
11405 0.431006 0.849563 0.606885
11406 0.430926 0.854933 0.60768
11650 0.578924 0.85524 0.595173
11932 0.594613 0.855012 0.527416
11953 0.553839 0.855022 0.616717
11980 0.399791 0.843754 0.540387
12013 0.57813 0.841652 0.471704
12108 0.404026 0.846139 0.548839
12159 0.430875 0.84986 0.456394
12160 0.425559 0.85165 0.462773
12161 0.430836 0.855366 0.456271
12168 0.405731 0.84538 0.524838
12257 0.59463 0.846968 0.536136
12462 0.591368 0.845578 0.516725
12463 0.431213 0.844034 0.606009
12585 0.603203 0.842321 0.546035
12688 0.401781 0.842648 0.534026
12709 0.533415 0.859735 0.431585
12757 0.402792 0.841685 0.531862
12867 0.597482 0.841576 0.549009
13024 0.567295 0.844055 0.606154
13047 0.453949 0.857479 0.437146
13088 0.594916 0.844185 0.545489
