228 0.467259 0.945795 0.522512
229 0.471463 0.946993 0.542454
230 0.48743 0.949529 0.519622
1117 0.508482 0.945823 0.56848
1118 0.526264 0.944174 0.562904
1119 0.511079 0.949529 0.545954
1267 0.507927 0.947018 0.501806
1268 0.5085 0.95 0.52249
1269 0.525724 0.944449 0.503279
3100 0.490009 0.95 0.543087
3101 0.490583 0.947019 0.563771
4081 0.527047 0.946993 0.523123
4893 0.455254 0.941494 0.542071
7293 0.472245 0.944174 0.502673
8276 0.472786 0.944448 0.562299
8961 0.490926 0.94155 0.581889
11004 0.531249 0.945795 0.543065
11203 0.507583 0.94155 0.483688
11228 0.490027 0.945824 0.497097
12880 0.543255 0.941494 0.523505
